((("secretlevel" .
   [0 0 0 0 0 1 0 0 0 0 0])
  ("input" .
   [0 0 0 0 1])
  ("frontmatter" .
   [0 0 0 0 0 1 0 0 0 0 0])
  ("CJKfamily" .
   [0 0 0 0 1 0 0 0 0])
  ("UTF8" .
   [0 0 0 1])
  ("u" .
   [1])
  ("CJK*" .
   [1 0 0 0])
  ("amsmath" .
   [0 0 0 1 0 0 0])
  ("set" .
   [1 0 0])
  ("windmove-default-keybindings" .
   [0 0 0 0 0 0 0 0 0 0 0 1 0 0 0 0 0 0 0 0 0 0 0 0 0 0 0 0])
  ("kjkjafs" .
   [0 0 0 0 0 0 1])
  ("sadfaf" .
   [1 0 0 0 0 0])
  ("sdfasfsa" .
   [0 0 0 0 0 0 0 1])
  ("asdfaf" .
   [1 0 0 0 0 0])
  ("dfaf" .
   [0 0 0 1])
  ("sdfasf" .
   [0 0 0 0 0 3])
  ("range" .
   [0 0 0 1 0])
  ("for" .
   [2 0 0])
  ("elsif" .
   [0 0 0 0 1])
  ("php-mode" .
   [0 0 1 0 0 0 0 0])
  ("dired-jump" .
   [0 0 0 0 0 0 0 0 0 1])
  ("texmathp" .
   [0 0 0 1 0 0 0 0])
  ("timf" .
   [4 0 0 0])
  ("t00" .
   [1 0 3])
  ("t0" .
   [2 0])
  ("Ctrl+c" .
   [1 0 0 0 0 0])
  ("-->" .
   [1 0 0])
  ("bookmark-bmenu-list" .
   [0 0 0 0 0 0 0 0 0 0 0 0 1 0 0 0 0 0 0])
  ("bookmark" .
   [0 0 0 0 0 0 0 1])
  ("dired-do-query-replace-regexp" .
   [0 0 0 0 0 0 1 0 0 0 0 0 0 0 0 0 0 0 0 0 0 0 0 0 0 0 0 0 0])
  ("mark" .
   [1 0 0 0])
  ("next" .
   [0 0 0 1])
  ("shell-command" .
   [0 0 0 0 0 0 1 0 0 0 0 0 1])
  ("shell" .
   [1 0 0 0 1])
  ("defalias" .
   [0 0 0 0 0 2 1 0])
  ("find" .
   [1 0 0 0])
  ("Ctrl+h" .
   [1 0 3 1 0 6])
  ("command" .
   [0 0 0 0 1 1 0])
  ("keybinding" .
   [0 0 0 1 0 0 0 0 0 0])
  ("the" .
   [1 0 1])
  ("b" .
   [2])
  ("hic/gbsnu/gbsnu7f" .
   [0 0 1 0 0 0 0 0 0 0 0 0 0 0 0 0 0])
  ("hline" .
   [0 0 2 0 0])
  ("Live" .
   [1 0 0 0])
  ("belowcaptionskip=" .
   [0 0 1 0 0 0 0 0 0 0 0 0 0 0 0 0 0])
  ("12pt" .
   [0 0 0 1])
  ("2" .
   [1])
  ("mul" .
   [1 0 0])
  ("sin" .
   [1 0 0])
  ("dup" .
   [1 0 0])
  ("div" .
   [2 0 0])
  ("1000" .
   [1 0 0 1])
  ("cos" .
   [1 0 0])
  ("test" .
   [1 0 0 0])
  ("/tmp/2204372_307741.jpg" .
   [0 0 0 0 0 0 1 0 0 0 0 0 0 0 0 0 0 0 0 0 0 0 0])
  ("XNZRC" .
   [0 0 2 3 0])
  ("ddots" .
   [1 0 0 0 0])
  ("textbackslash和" .
   [0 0 0 0 0 0 0 0 0 0 0 0 0 1])
  ("hello" .
   [1 0 0 0 0])
  ("printf" .
   [1 0 0 0 0 0])
  ("world" .
   [0 0 0 1 1])
  ("proof环境可以用来输入下面这样的证明" .
   [0 0 0 0 0 1 0 0 0 0 0 0 0 0 0 0 0 0 0 0])
  ("VHDL" .
   [0 0 1 0])
  ("corollary" .
   [0 0 0 0 2 0 0 0 0])
  ("Tex" .
   [2 0 1])
  ("lemma" .
   [1 0 0 0 0])
  ("defination" .
   [0 0 0 0 0 0 1 0 0 0])
  ("theorem" .
   [0 0 0 2 3 0 0])
  ("定理和证明" .
   [0 0 1 0 0])
  ("newtheorem" .
   [0 0 0 0 1 0 0 0 0 0])
  ("section" .
   [0 0 0 0 2 0 0])
  ("cases" .
   [1 0 0 0 0])
  ("quotation" .
   [0 0 0 0 0 4 0 0 0])
  ("quote" .
   [0 0 0 1 0])
  ("你好" .
   [1 0])
  ("x=y+z" .
   [0 0 1 0 0])
  ("a=b+c+d" .
   [0 0 1 0 0 0 0])
  ("e" .
   [1])
  ("int" .
   [53 0 1])
  ("to" .
   [1 0])
  ("lim" .
   [0 0 1])
  ("i=1" .
   [1 0 0])
  ("prod" .
   [0 0 1 0])
  ("sum" .
   [1 0 0])
  ("description" .
   [0 0 0 2 0 0 0 0 0 0 0])
  ("+-*/" .
   [1 0 0 0])
  ("equiv" .
   [1 0 0 0 0])
  ("approx" .
   [1 0 0 0 0 0])
  ("neq" .
   [1 0 0])
  ("leq" .
   [1 0 0])
  ("cup" .
   [1 0 0])
  ("cap" .
   [1 0 0])
  ("cdot" .
   [1 0 0 0])
  ("pm" .
   [1 0])
  ("dfrac" .
   [0 0 1 0 0])
  ("equation" .
   [0 0 2 0 0 0 0 4])
  ("newpage" .
   [1 0 0 0 0 1 3])
  ("fbox" .
   [2 0 1 1])
  ("tfrac" .
   [0 0 1 0 0])
  ("公式样式平方" .
   [0 0 0 0 0 2])
  ("公式样式" .
   [0 0 0 1])
  ("E=mc" .
   [0 0 5 1])
  ("20" .
   [2 0])
  ("居右显示" .
   [0 0 1 0])
  ("居左显示" .
   [0 0 1 0])
  ("verbatim" .
   [0 0 0 2 1 0 0 1])
  ("center" .
   [3 0 2 6 0 0])
  ("color-theme-shaman" .
   [0 0 0 0 0 0 0 0 1 0 0 0 0 0 0 0 0 0])
  ("itemize" .
   [0 0 1 0 0 0 0])
  ("begin" .
   [9 0 1 27 2])
  ("textbf" .
   [1 0 0 0 0 0])
  ("pounds" .
   [0 0 0 1 0 0])
  ("textyen" .
   [0 0 0 0 0 1 0])
  ("circ" .
   [0 0 1 0])
  ("textregistered" .
   [0 0 0 0 0 0 1 0 0 0 0 0 0 0])
  ("newline" .
   [2 0 7 8 0 1 0])
  ("textbackslash" .
   [0 0 0 0 0 0 10 0 0 0 0 0 7])
  ("textcopyright" .
   [0 0 0 0 0 0 1 0 0 0 0 0 0])
  ("texx" .
   [0 0 0 1])
  ("grep" .
   [1 0 1 1])
  ("color-theme-jsc-dark" .
   [0 0 0 0 0 0 0 0 1 0 0 0 0 0 0 0 0 0 0 0])
  ("initial-scratch-message" .
   [0 0 0 0 0 0 0 0 0 0 1 0 0 0 0 0 0 0 0 0 0 0 0])
  ("initial" .
   [0 0 0 0 0 0 1])
  ("htmlize" .
   [0 0 0 1 0 0 0])
  ("tabbar-forward-tab" .
   [0 0 0 0 0 0 0 0 0 0 0 0 0 0 0 1 0 0])
  ("tabbar-forward" .
   [0 0 0 0 0 0 0 0 0 0 0 0 0 1])
  ("kbd" .
   [3 0 4])
  ("global-set-key" .
   [0 0 0 1 0 0 0 0 0 0 0 0 0 6])
  ("org-mode" .
   [0 0 0 0 0 0 1 0])
  ("org-diary" .
   [0 0 0 0 0 0 0 0 1])
  ("vhdl-mode" .
   [0 0 0 1 1 0 0 0 0])
  ("add-hook" .
   [0 0 0 0 0 1 0 0])
  ("inhibit-startup-message" .
   [0 0 0 0 0 0 0 0 0 0 0 0 0 0 0 0 0 0 1 0 0 0 0])
  ("inhibit-startup-hooks" .
   [0 0 0 0 1 0 0 0 0 0 0 0 0 0 0 0 0 0 0 0 0])
  ("setq" .
   [2 0 0 1])
  ("linum-mode" .
   [0 0 0 0 1 0 0 0 0 0])
  ("require" .
   [0 0 0 3 0 0 2])
  ("color-theme" .
   [0 0 1 1 0 0 0 0 0 0 0])
  ("ecb-autoloads" .
   [0 0 0 1 0 0 0 0 0 0 0 0 0])
  ("i-search" .
   [0 0 0 1 0 0 0 0])
  ("htmlize-buffer" .
   [0 0 0 0 0 0 0 0 0 1 0 0 0 0])
  ("item" .
   [1 0 2 16])
  ("one" .
   [3 0 0])
  ("verb|command|" .
   [1 0 0 0 0 0 0 0 0 0 0 0 0])
  ("f7" .
   [2 0])
  ("help-command" .
   [0 0 0 0 0 0 0 0 0 1 0 0])
  ("buffer-list" .
   [0 0 0 0 0 0 0 0 0 0 1])
  ("x=a+b+c+" .
   [0 0 1 0 0 0 0 0])
  ("d+e+f+g" .
   [0 0 1 0 0 0 0])
  ("vdots" .
   [0 0 1 0 0])
  ("ibuffer" .
   [0 0 0 0 0 0 1])
  ("http://www.w3.org/2001/XMLSchema-datatypes" .
   [0 0 0 1 2 0 0 0 0 0 0 0 0 0 0 0 0 0 0 0 0 0 0 0 0 0 0 0 0 0 0 0 0 0 0 0 0 0 0 0 0 0])
  ("trsync" .
   [0 0 0 0 1 0])
  ("tuxl" .
   [1 0 0 0])
  ("this" .
   [1 0 1 0])
  ("that" .
   [2 0 0 0])
  ("print" .
   [9 0 1 2 2])
  ("elif" .
   [0 0 1 0])
  ("pirnt" .
   [0 0 0 0 1])
  ("+BEGIN_SRC" .
   [5 0 0 0 0 0 0 0 0 0])
  ("myls" .
   [1 0 0 0])
  ("+END_SRC" .
   [6 0 0 0 0 0 0 0])
  ("ANSIC" .
   [0 0 0 1 0])
  ("include" .
   [0 0 0 0 2 0 2])
  ("define" .
   [2 0 1 0 1 12])
  ("FILE_MODE" .
   [0 0 1 0 0 0 0 0 0])
  ("types" .
   [0 0 0 0 1])
  ("if" .
   [1 1])
  ("defined" .
   [1 0 0 0 0 0 0])
  ("endif" .
   [0 0 0 3 0])
  ("max" .
   [1 0 0])
  ("void" .
   [30 0 0 1])
  ("char" .
   [12 0 2 2])
  ("Sigfunc" .
   [0 0 0 2 0 0 0])
  ("signal" .
   [0 0 0 0 1 0])
  ("tty_cbreak" .
   [0 0 1 0 0 0 0 0 0 0])
  ("struct" .
   [1 0 0 0 0 2])
  ("termios" .
   [0 0 0 2 0 0 0])
  ("ssizeI_t" .
   [0 0 2 0 0 0 0 0])
  ("const" .
   [2 0 13 1 1])
  ("size_t" .
   [0 0 0 2 0 0])
  ("ssize_t" .
   [1 0 0 0 0 0 0])
  ("set_fl" .
   [0 0 0 0 0 1])
  ("func" .
   [0 0 0 1])
  ("ifdef" .
   [1 0 0 0 0])
  ("off_t" .
   [2 0 0 1 0])
  ("lock_reg" .
   [0 0 1 1 0 0 0 0])
  ("offset" .
   [1 0 0 0 5 5])
  ("whence" .
   [0 0 1 0 2 7])
  ("len" .
   [5 0 4])
  ("F_SETLK" .
   [2 0 0 0 1 0 0])
  ("F_RDLCK" .
   [0 0 0 0 2 0 0])
  ("writen" .
   [0 0 0 1 0 1])
  ("pid_t" .
   [0 0 1 1 0])
  ("lock_test" .
   [0 0 0 0 0 0 0 1 0])
  ("F_WRLCK" .
   [0 0 0 0 1 0 0])
  ("err_ret" .
   [0 0 0 0 0 1 0])
  ("inc" .
   [1 0 0])
  ("main" .
   [1 0 0 0])
  ("argc" .
   [1 0 0 0])
  ("argv" .
   [1 0 0 0])
  ("window" .
   [1 0 0 1 0 0])
  ("str1" .
   [2 0 0 0])
  ("str2" .
   [1 0 0 0])
  ("strchr" .
   [1 0 0 0 0 0])
  ("gchar" .
   [2 0 0 0 0])
  ("clear" .
   [1 0 0 0 0])
  ("whois" .
   [0 0 0 1 0])))
